C:\trog\Misc\Biosolids\BST\VVWM\Outputs\VVWMinputBST
Acetaminophen
1
TRUE
42
0.0462
25
0.00513
25
0
41.983
0



151
0
0







0
55000
2
Crop
C:\trog\Misc\Biosolids\BST\VVWM\MetData\94846.wea
41.983


TRUE




0.0000000081667
TRUE, 0.5
0.05
0.6
1.85
0.04
5
0.006
1.19
30
0.005
0.04
5
0.4



40
91,456,821,1187,1552,1917,2282,2648,3013,3378,3743,4108,4473,4839,5204,5569,5934,6300,6665,7030,7395,7760,8125,8491,8856,9221,9586,9952,10317,10682,11047,11412,11777,12143,12508,12873,13238,13604,13969,14334,14699,15064,15429,15795
2
323750
10000
2
2
2.40878151504078E-11,2.30259660405704E-11,2.21806484223914E-11,1.95329798678369E-11,1.94253508531691E-11,1.50742779395326E-11,2.11126518289789E-11,3.01767775149571E-11,1.91731152566236E-11,3.17547893451697E-11,2.98669961153522E-11,2.2496997883908E-11,2.75110642935302E-11,1.79023402215449E-11,1.86777750226795E-11,2.24683850603642E-11,1.54965044824462E-11,2.90871900839308E-11,1.38321690442155E-11,2.86897700497087E-11,2.76437322102895E-11,1.9131578605183E-11,2.62466349705789E-11,2.38444151416572E-11,1.72069724668652E-11,2.18822384833184E-11,2.28712012919791E-11,2.72556451978987E-11,2.16800222268451E-11,2.17136470730365E-11,2.43220971543908E-11,1.66835833924029E-11,2.49485613273493E-11,2.09921532881138E-11,1.25913720992365E-11,1.90338572784205E-11,2.1713675210278E-11,3.03657318264907E-11,1.9881880929488E-11,3.25411693835303E-11,1.64112933451311E-16,2.51145470162218E-20,7.39611893267331E-25,1.94519062788218E-29
30
0
0.5
FALSE
FALSE, 0
"C:\trog\Misc\Biosolids\BST\VVWM\Outputs\VVWMinputBST_Pond_Parent_Daily.csv"
,,
,,
"C:\trog\Misc\Biosolids\BST\VVWM\Outputs\VVWMinputBST_Pond_Parent_Analysis.csv"
,,
,,
,,
,,
,,
,,
,,
,,
,,
,,
,,
,,
,,
,,
